1000,random_player,0.312,0.066,0.622
1000,moderate_player,0.0,0.0,1.0
1000,advanced_player,0.0,0.0,1.0
2000,random_player,0.412,0.053,0.535
2000,moderate_player,0.0,0.0,1.0
2000,advanced_player,0.0,0.0,1.0
3000,random_player,0.538,0.076,0.386
3000,moderate_player,0.0,0.0,1.0
3000,advanced_player,0.0,0.0,1.0
4000,random_player,0.496,0.061,0.443
4000,moderate_player,0.0,0.0,1.0
4000,advanced_player,0.0,0.0,1.0
5000,random_player,0.554,0.093,0.353
5000,moderate_player,0.0,0.0,1.0
5000,advanced_player,0.0,0.0,1.0
6000,random_player,0.565,0.09,0.345
6000,moderate_player,0.0,0.0,1.0
6000,advanced_player,0.0,0.0,1.0
7000,random_player,0.61,0.089,0.301
7000,moderate_player,0.0,0.0,1.0
7000,advanced_player,0.0,0.0,1.0
8000,random_player,0.613,0.094,0.293
8000,moderate_player,0.0,0.0,1.0
8000,advanced_player,0.0,0.0,1.0
9000,random_player,0.657,0.083,0.26
9000,moderate_player,0.0,0.0,1.0
9000,advanced_player,0.0,0.0,1.0
10000,random_player,0.679,0.099,0.222
10000,moderate_player,0.0,0.0,1.0
10000,advanced_player,0.0,0.0,1.0
11000,random_player,0.67,0.1,0.23
11000,moderate_player,0.0,0.0,1.0
11000,advanced_player,0.0,0.0,1.0
12000,random_player,0.671,0.082,0.247
12000,moderate_player,0.0,0.0,1.0
12000,advanced_player,0.0,0.0,1.0
13000,random_player,0.64,0.098,0.262
13000,moderate_player,0.0,0.0,1.0
13000,advanced_player,0.0,0.0,1.0
14000,random_player,0.628,0.094,0.278
14000,moderate_player,0.0,0.0,1.0
14000,advanced_player,0.0,0.0,1.0
15000,random_player,0.643,0.119,0.238
15000,moderate_player,0.0,0.0,1.0
15000,advanced_player,0.0,0.0,1.0
16000,random_player,0.647,0.1,0.253
16000,moderate_player,0.0,0.0,1.0
16000,advanced_player,0.0,0.0,1.0
17000,random_player,0.655,0.09,0.255
17000,moderate_player,0.0,0.0,1.0
17000,advanced_player,0.0,0.0,1.0
18000,random_player,0.665,0.098,0.237
18000,moderate_player,0.0,0.0,1.0
18000,advanced_player,0.0,0.0,1.0
19000,random_player,0.661,0.092,0.247
19000,moderate_player,0.0,0.0,1.0
19000,advanced_player,0.0,0.0,1.0
20000,random_player,0.683,0.092,0.225
20000,moderate_player,0.0,0.0,1.0
20000,advanced_player,0.0,0.0,1.0
21000,random_player,0.696,0.084,0.22
21000,moderate_player,0.0,0.001,0.999
21000,advanced_player,0.0,0.0,1.0
22000,random_player,0.66,0.103,0.237
22000,moderate_player,0.0,0.0,1.0
22000,advanced_player,0.0,0.0,1.0
23000,random_player,0.654,0.098,0.248
23000,moderate_player,0.0,0.0,1.0
23000,advanced_player,0.0,0.0,1.0
24000,random_player,0.652,0.093,0.255
24000,moderate_player,0.0,0.0,1.0
24000,advanced_player,0.0,0.0,1.0
25000,random_player,0.652,0.093,0.255
25000,moderate_player,0.0,0.0,1.0
25000,advanced_player,0.0,0.0,1.0
26000,random_player,0.717,0.103,0.18
26000,moderate_player,0.0,0.0,1.0
26000,advanced_player,0.0,0.0,1.0
27000,random_player,0.725,0.099,0.176
27000,moderate_player,0.0,0.001,0.999
27000,advanced_player,0.0,0.0,1.0
28000,random_player,0.754,0.092,0.154
28000,moderate_player,0.0,0.001,0.999
28000,advanced_player,0.0,0.0,1.0
29000,random_player,0.727,0.114,0.159
29000,moderate_player,0.0,0.0,1.0
29000,advanced_player,0.0,0.0,1.0
30000,random_player,0.769,0.088,0.143
30000,moderate_player,0.0,0.0,1.0
30000,advanced_player,0.0,0.0,1.0
31000,random_player,0.722,0.105,0.173
31000,moderate_player,0.0,0.001,0.999
31000,advanced_player,0.001,0.0,0.999
32000,random_player,0.724,0.1,0.176
32000,moderate_player,0.0,0.001,0.999
32000,advanced_player,0.0,0.0,1.0
33000,random_player,0.846,0.09,0.064
33000,moderate_player,0.0,0.002,0.998
33000,advanced_player,0.0,0.0,1.0
34000,random_player,0.816,0.116,0.068
34000,moderate_player,0.0,0.001,0.999
34000,advanced_player,0.0,0.0,1.0
35000,random_player,0.829,0.099,0.072
35000,moderate_player,0.0,0.0,1.0
35000,advanced_player,0.0,0.001,0.999
36000,random_player,0.834,0.09,0.076
36000,moderate_player,0.0,0.001,0.999
36000,advanced_player,0.0,0.0,1.0
37000,random_player,0.824,0.09,0.086
37000,moderate_player,0.001,0.001,0.998
37000,advanced_player,0.0,0.0,1.0
38000,random_player,0.839,0.092,0.069
38000,moderate_player,0.0,0.002,0.998
38000,advanced_player,0.0,0.0,1.0
39000,random_player,0.835,0.102,0.063
39000,moderate_player,0.0,0.001,0.999
39000,advanced_player,0.0,0.0,1.0
40000,random_player,0.834,0.1,0.066
40000,moderate_player,0.0,0.0,1.0
40000,advanced_player,0.0,0.0,1.0
41000,random_player,0.841,0.099,0.06
41000,moderate_player,0.0,0.004,0.996
41000,advanced_player,0.0,0.0,1.0
42000,random_player,0.886,0.077,0.037
42000,moderate_player,0.0,0.001,0.999
42000,advanced_player,0.0,0.0,1.0
43000,random_player,0.892,0.065,0.043
43000,moderate_player,0.0,0.002,0.998
43000,advanced_player,0.0,0.0,1.0
44000,random_player,0.936,0.047,0.017
44000,moderate_player,0.0,0.003,0.997
44000,advanced_player,0.0,0.001,0.999
45000,random_player,0.914,0.058,0.028
45000,moderate_player,0.0,0.003,0.997
45000,advanced_player,0.0,0.0,1.0
46000,random_player,0.916,0.053,0.031
46000,moderate_player,0.0,0.003,0.997
46000,advanced_player,0.0,0.0,1.0
47000,random_player,0.927,0.052,0.021
47000,moderate_player,0.001,0.003,0.996
47000,advanced_player,0.0,0.0,1.0
48000,random_player,0.932,0.048,0.02
48000,moderate_player,0.0,0.004,0.996
48000,advanced_player,0.0,0.0,1.0
49000,random_player,0.946,0.036,0.018
49000,moderate_player,0.0,0.003,0.997
49000,advanced_player,0.0,0.0,1.0
50000,random_player,0.94,0.039,0.021
50000,moderate_player,0.001,0.003,0.996
50000,advanced_player,0.0,0.0,1.0
51000,random_player,0.942,0.035,0.023
51000,moderate_player,0.0,0.001,0.999
51000,advanced_player,0.0,0.0,1.0
52000,random_player,0.93,0.042,0.028
52000,moderate_player,0.001,0.003,0.996
52000,advanced_player,0.0,0.0,1.0
53000,random_player,0.931,0.049,0.02
53000,moderate_player,0.001,0.004,0.995
53000,advanced_player,0.0,0.0,1.0
54000,random_player,0.952,0.027,0.021
54000,moderate_player,0.0,0.002,0.998
54000,advanced_player,0.0,0.0,1.0
55000,random_player,0.951,0.034,0.015
55000,moderate_player,0.002,0.004,0.994
55000,advanced_player,0.0,0.0,1.0
56000,random_player,0.93,0.056,0.014
56000,moderate_player,0.001,0.005,0.994
56000,advanced_player,0.0,0.001,0.999
57000,random_player,0.934,0.041,0.025
57000,moderate_player,0.001,0.002,0.997
57000,advanced_player,0.0,0.0,1.0
58000,random_player,0.928,0.057,0.015
58000,moderate_player,0.0,0.002,0.998
58000,advanced_player,0.0,0.0,1.0
59000,random_player,0.956,0.026,0.018
59000,moderate_player,0.002,0.006,0.992
59000,advanced_player,0.0,0.0,1.0
60000,random_player,0.934,0.044,0.022
60000,moderate_player,0.0,0.003,0.997
60000,advanced_player,0.0,0.0,1.0
61000,random_player,0.936,0.042,0.022
61000,moderate_player,0.005,0.005,0.99
61000,advanced_player,0.0,0.0,1.0
62000,random_player,0.942,0.037,0.021
62000,moderate_player,0.003,0.003,0.994
62000,advanced_player,0.0,0.001,0.999
63000,random_player,0.948,0.038,0.014
63000,moderate_player,0.001,0.002,0.997
63000,advanced_player,0.0,0.001,0.999
64000,random_player,0.947,0.039,0.014
64000,moderate_player,0.003,0.005,0.992
64000,advanced_player,0.0,0.0,1.0
65000,random_player,0.949,0.038,0.013
65000,moderate_player,0.003,0.009,0.988
65000,advanced_player,0.0,0.0,1.0
66000,random_player,0.939,0.044,0.017
66000,moderate_player,0.003,0.004,0.993
66000,advanced_player,0.0,0.0,1.0
67000,random_player,0.948,0.033,0.019
67000,moderate_player,0.004,0.01,0.986
67000,advanced_player,0.0,0.0,1.0
68000,random_player,0.948,0.031,0.021
68000,moderate_player,0.005,0.009,0.986
68000,advanced_player,0.0,0.0,1.0
69000,random_player,0.945,0.036,0.019
69000,moderate_player,0.007,0.012,0.981
69000,advanced_player,0.0,0.0,1.0
70000,random_player,0.967,0.019,0.014
70000,moderate_player,0.007,0.007,0.986
70000,advanced_player,0.0,0.0,1.0
71000,random_player,0.952,0.035,0.013
71000,moderate_player,0.004,0.011,0.985
71000,advanced_player,0.0,0.001,0.999
72000,random_player,0.952,0.037,0.011
72000,moderate_player,0.003,0.01,0.987
72000,advanced_player,0.0,0.001,0.999
73000,random_player,0.957,0.029,0.014
73000,moderate_player,0.009,0.017,0.974
73000,advanced_player,0.0,0.0,1.0
74000,random_player,0.949,0.04,0.011
74000,moderate_player,0.0,0.014,0.986
74000,advanced_player,0.001,0.001,0.998
75000,random_player,0.953,0.036,0.011
75000,moderate_player,0.004,0.012,0.984
75000,advanced_player,0.0,0.0,1.0
76000,random_player,0.962,0.03,0.008
76000,moderate_player,0.006,0.009,0.985
76000,advanced_player,0.0,0.001,0.999
77000,random_player,0.958,0.028,0.014
77000,moderate_player,0.002,0.015,0.983
77000,advanced_player,0.0,0.0,1.0
78000,random_player,0.962,0.026,0.012
78000,moderate_player,0.006,0.011,0.983
78000,advanced_player,0.0,0.0,1.0
79000,random_player,0.961,0.028,0.011
79000,moderate_player,0.007,0.017,0.976
79000,advanced_player,0.0,0.001,0.999
80000,random_player,0.955,0.033,0.012
80000,moderate_player,0.005,0.011,0.984
80000,advanced_player,0.0,0.002,0.998
81000,random_player,0.945,0.04,0.015
81000,moderate_player,0.007,0.013,0.98
81000,advanced_player,0.0,0.0,1.0
82000,random_player,0.959,0.026,0.015
82000,moderate_player,0.005,0.011,0.984
82000,advanced_player,0.0,0.0,1.0
83000,random_player,0.958,0.029,0.013
83000,moderate_player,0.007,0.013,0.98
83000,advanced_player,0.0,0.002,0.998
84000,random_player,0.951,0.036,0.013
84000,moderate_player,0.006,0.008,0.986
84000,advanced_player,0.0,0.002,0.998
85000,random_player,0.963,0.022,0.015
85000,moderate_player,0.002,0.008,0.99
85000,advanced_player,0.0,0.001,0.999
86000,random_player,0.947,0.045,0.008
86000,moderate_player,0.008,0.02,0.972
86000,advanced_player,0.001,0.0,0.999
87000,random_player,0.964,0.021,0.015
87000,moderate_player,0.009,0.02,0.971
87000,advanced_player,0.0,0.001,0.999
88000,random_player,0.971,0.016,0.013
88000,moderate_player,0.006,0.02,0.974
88000,advanced_player,0.0,0.001,0.999
89000,random_player,0.946,0.031,0.023
89000,moderate_player,0.007,0.028,0.965
89000,advanced_player,0.0,0.0,1.0
90000,random_player,0.958,0.02,0.022
90000,moderate_player,0.005,0.018,0.977
90000,advanced_player,0.0,0.002,0.998
91000,random_player,0.954,0.034,0.012
91000,moderate_player,0.009,0.017,0.974
91000,advanced_player,0.0,0.003,0.997
92000,random_player,0.95,0.033,0.017
92000,moderate_player,0.008,0.025,0.967
92000,advanced_player,0.0,0.0,1.0
93000,random_player,0.96,0.026,0.014
93000,moderate_player,0.008,0.012,0.98
93000,advanced_player,0.0,0.004,0.996
94000,random_player,0.966,0.022,0.012
94000,moderate_player,0.003,0.02,0.977
94000,advanced_player,0.0,0.0,1.0
95000,random_player,0.952,0.03,0.018
95000,moderate_player,0.012,0.024,0.964
95000,advanced_player,0.0,0.001,0.999
96000,random_player,0.971,0.019,0.01
96000,moderate_player,0.009,0.025,0.966
96000,advanced_player,0.0,0.0,1.0
97000,random_player,0.963,0.027,0.01
97000,moderate_player,0.01,0.022,0.968
97000,advanced_player,0.0,0.0,1.0
98000,random_player,0.958,0.029,0.013
98000,moderate_player,0.01,0.026,0.964
98000,advanced_player,0.0,0.001,0.999
99000,random_player,0.962,0.025,0.013
99000,moderate_player,0.013,0.022,0.965
99000,advanced_player,0.0,0.002,0.998
100000,random_player,0.962,0.025,0.013
100000,moderate_player,0.014,0.024,0.962
100000,advanced_player,0.0,0.001,0.999
101000,random_player,0.962,0.022,0.016
101000,moderate_player,0.015,0.026,0.959
101000,advanced_player,0.0,0.001,0.999
102000,random_player,0.959,0.027,0.014
102000,moderate_player,0.012,0.02,0.968
102000,advanced_player,0.0,0.004,0.996
103000,random_player,0.962,0.027,0.011
103000,moderate_player,0.011,0.032,0.957
103000,advanced_player,0.0,0.0,1.0
104000,random_player,0.969,0.024,0.007
104000,moderate_player,0.008,0.023,0.969
104000,advanced_player,0.001,0.002,0.997
105000,random_player,0.949,0.032,0.019
105000,moderate_player,0.01,0.025,0.965
105000,advanced_player,0.0,0.001,0.999
106000,random_player,0.956,0.026,0.018
106000,moderate_player,0.013,0.027,0.96
106000,advanced_player,0.0,0.002,0.998
107000,random_player,0.952,0.028,0.02
107000,moderate_player,0.008,0.026,0.966
107000,advanced_player,0.0,0.0,1.0
